Sample Type	Data Type	HT12v3 Sample Name	27k data Sample Name	450k dataSample Name	Group	Cell Line name	Passage number	Tissue name	Fetal or Adult	Gestational Age	Patient ID	Gender	Treated/Differentiated	Differentiation type	Differentiation duration (days[D] or stage[S])	iPSC Characterization	iPSC Vector Type	iPSC Vector Name	iPSC Factors	iPSC VPA (Y/N/UNK)	iPSC Other	Reference	PMID	Included in regression analysis ?	Source ID	SOURCE NAME	SOURCE INSTITUTE	Cell Type Detail	X chromosome CLUSTER	Passage method	Substrate	Media	Day	Grade	Embryo Plating
parthenogentic embryonic stem cell, undifferentiated	mRNA expression and methylation	ES.parthenote_LLC15_passage45_____Female_317.905.1.4	ES.parthenote_LLC15_passage45_____Female_317.905.1.3	ES.parthenote__LLC15_passage45_Female____317.905.1.1	ES.parthenote	LLC15	45	#N/A	#N/A	#N/A	#N/A	Female	#N/A	#N/A	#N/A	#N/A	#N/A	#N/A	#N/A	#N/A	#N/A	#N/A	#N/A	NO	MA	Marina Martynova	International Stem Cell Corporation	ESC_Undiff_Parthenote	CLUSTER 1	#N/A	#N/A	#N/A	#N/A	#N/A	#N/A
parthenogentic embryonic stem cell, undifferentiated	mRNA expression and methylation	ES.parthenote_LLC2_passage24_____Female_42.171.1.7	ES.parthenote_LLC2_passage24_____Female_42.171.1.5	ES.parthenote__LLC2_passage24_Female____42.171.1.5	ES.parthenote	LLC2	24	#N/A	#N/A	#N/A	#N/A	Female	#N/A	#N/A	#N/A	#N/A	#N/A	#N/A	#N/A	#N/A	#N/A	#N/A	#N/A	NO	HK	Hans Keirstead	University of California, Irvine	ESC_Undiff_Parthenote	CLUSTER 4	#N/A	#N/A	#N/A	#N/A	#N/A	#N/A
parthenogentic embryonic stem cell, undifferentiated	mRNA expression and methylation	ES.parthenote_LLC6_passage16_____Female_43.172.1.1	ES.parthenote_LLC6_passage16_____Female_43.172.1.5	ES.parthenote__LLC6_passage16_Female____43.172.1.5	ES.parthenote	LLC6	16	#N/A	#N/A	#N/A	#N/A	Female	#N/A	#N/A	#N/A	#N/A	#N/A	#N/A	#N/A	#N/A	#N/A	#N/A	#N/A	NO	HK	Hans Keirstead	University of California, Irvine	ESC_Undiff_Parthenote	CLUSTER 4	#N/A	#N/A	#N/A	#N/A	#N/A	#N/A
parthenogentic embryonic stem cell, undifferentiated	mRNA expression and methylation	ES.parthenote_LLC7_passage16_____Female_44.173.1.6	ES.parthenote_LLC7_passage16_____Female_44.173.1.5	ES.parthenote__LLC7_passage16_Female____44.173.1.5	ES.parthenote	LLC7	16	#N/A	#N/A	#N/A	#N/A	Female	#N/A	#N/A	#N/A	#N/A	#N/A	#N/A	#N/A	#N/A	#N/A	#N/A	#N/A	NO	HK	Hans Keirstead	University of California, Irvine	ESC_Undiff_Parthenote	CLUSTER 4	#N/A	#N/A	#N/A	#N/A	#N/A	#N/A
parthenogentic embryonic stem cell, undifferentiated	mRNA expression and methylation	ES.parthenote_LLC8_passage18_____Female_45.174.1.7	ES.parthenote_LLC8_passage18_____Female_45.174.1.5	ES.parthenote__LLC8_passage18_Female____45.174.1.4	ES.parthenote	LLC8	18	#N/A	#N/A	#N/A	#N/A	Female	#N/A	#N/A	#N/A	#N/A	#N/A	#N/A	#N/A	#N/A	#N/A	#N/A	#N/A	NO	HK	Hans Keirstead	University of California, Irvine	ESC_Undiff_Parthenote	CLUSTER 3	#N/A	#N/A	#N/A	#N/A	#N/A	#N/A
parthenogentic embryonic stem cell, undifferentiated	mRNA expression and methylation	ES.parthenote_LLC9_passage20_____Female_46.175.1.6	ES.parthenote_LLC9_passage20_____Female_46.175.1.5	ES.parthenote__LLC9_passage20_Female____46.175.1.5	ES.parthenote	LLC9	20	#N/A	#N/A	#N/A	#N/A	Female	#N/A	#N/A	#N/A	#N/A	#N/A	#N/A	#N/A	#N/A	#N/A	#N/A	#N/A	NO	HK	Hans Keirstead	University of California, Irvine	ESC_Undiff_Parthenote	CLUSTER 2	#N/A	#N/A	#N/A	#N/A	#N/A	#N/A
embryonic stem cell, undifferentiated	mRNA expression and methylation	ES_CM6_passage19_____Female_244.622.1.2	ES_CM6_passage19_____Female_244.622.1.1	ES__CM6_passage19_Female____244.622.1.1	ES	CM6	19	#N/A	#N/A	#N/A	#N/A	Female	#N/A	#N/A	#N/A	#N/A	#N/A	#N/A	#N/A	#N/A	#N/A	#N/A	#N/A	YES	VG	Vasiliy Galat	Northwestern University Feinberg School of Medicine	ESC_Undiff	CLUSTER 4	MANUAL_19	MEF_6/MG_13	WiCell_6/STEMPRO_13	#N/A	#N/A	#N/A
embryonic stem cell, undifferentiated	mRNA expression and methylation	ES_FES22_passage44_____Male_23.93.2.1	ES_FES22_passage44_____Male_23.93.1.1	ES__FES22_passage44_Male____23.93.1.1	ES	FES22	44	#N/A	#N/A	#N/A	#N/A	Male	#N/A	#N/A	#N/A	#N/A	#N/A	#N/A	#N/A	#N/A	#N/A	#N/A	#N/A	NO	TO	Timo Otonkoski	Biomedicum Stem Cell Center and Children’s Hospital, University of Helsinki (Finland)	ESC_Undiff	CLUSTER 1	#N/A	#N/A	#N/A	#N/A	#N/A	#N/A
embryonic stem cell, undifferentiated	mRNA expression and methylation	ES_HES2_passage105_____Female_32.135.2.1	ES_HES2_passage105_____Female_32.135.4.1	ES__HES2_passage105_Female____32.135.4.1	ES	HES2	105	#N/A	#N/A	#N/A	#N/A	Female	#N/A	#N/A	#N/A	#N/A	#N/A	#N/A	#N/A	#N/A	#N/A	#N/A	#N/A	YES	AL	Andrew Laslett	Commonwealth Scientific and Industrial Research Organisation Molecular and Health Technologies	ESC_Undiff	CLUSTER 4	MANUAL_105	MEF_105	ORIGINAL_ES_105	#N/A	#N/A	#N/A
embryonic stem cell, undifferentiated	mRNA expression and methylation	ES_HES4_passage57_____Male_34.117.2.1	ES_HES4_passage57_____Male_34.117.4.1	ES__HES4_passage57_Male____34.117.4.1	ES	HES4	57	#N/A	#N/A	#N/A	#N/A	Male	#N/A	#N/A	#N/A	#N/A	#N/A	#N/A	#N/A	#N/A	#N/A	#N/A	#N/A	YES	AL	Andrew Laslett	Commonwealth Scientific and Industrial Research Organisation Molecular and Health Technologies	ESC_Undiff	CLUSTER 1	MANUAL_57	MEF_57	ORIGINAL_ES_57	#N/A	#N/A	#N/A
embryonic stem cell, undifferentiated	mRNA expression and methylation	ES_MEL1_passage51_____Male_35.122.2.1	ES_MEL1_passage51_____Male_35.122.4.1	ES__MEL1_passage51_Male____35.122.4.1	ES	MEL1	51	#N/A	#N/A	#N/A	#N/A	Male	#N/A	#N/A	#N/A	#N/A	#N/A	#N/A	#N/A	#N/A	#N/A	#N/A	#N/A	YES	AL	Andrew Laslett	Commonwealth Scientific and Industrial Research Organisation Molecular and Health Technologies	ESC_Undiff	CLUSTER 1	MANUAL_51	MEF_51	ORIGINAL_ES_51	#N/A	#N/A	#N/A
embryonic stem cell, undifferentiated	mRNA expression and methylation	ES_MEL4_passage35_____Female_127.378.1.1	ES_MEL4_passage35_____Female_127.378.3.1	ES__MEL4_passage35_Female____127.378.3.1	ES	MEL4	35	#N/A	#N/A	#N/A	#N/A	Female	#N/A	#N/A	#N/A	#N/A	#N/A	#N/A	#N/A	#N/A	#N/A	#N/A	#N/A	YES	AL	Andrew Laslett	Commonwealth Scientific and Industrial Research Organisation Molecular and Health Technologies	ESC_Undiff	CLUSTER 4	MANUAL_11/DISPASE_12/COLLAGENASE_12	HDF_23/MG_12	Wicell_23/MTeSR_12	#N/A	#N/A	#N/A
embryonic stem cell, undifferentiated	mRNA expression and methylation	ES_MIZ6_passage27_____Female_38.161.2.1	ES_MIZ6_passage27_____Female_38.161.1.1	ES__MIZ6_passage27_Female____38.161.1.1	ES	MIZ6	27	#N/A	#N/A	#N/A	#N/A	Female	#N/A	#N/A	#N/A	#N/A	#N/A	#N/A	#N/A	#N/A	#N/A	#N/A	#N/A	YES	HSP	Hyun-Sook Park	Modern Cell & Tissue Technologies	ESC_Undiff	CLUSTER 4	MANUAL_27	MEF_27	WiCell_27	#N/A	#N/A	#N/A
embryonic stem cell, undifferentiated	mRNA expression and methylation	ES_SIVF002_passage50_____Male_290.763.1.1	ES_SIVF002_passage50_____Male_290.763.1.3	ES__SIVF002_passage50_Male____290.763.1.3	ES	SIVF002	50	#N/A	#N/A	#N/A	#N/A	Male	#N/A	#N/A	#N/A	#N/A	#N/A	#N/A	#N/A	#N/A	#N/A	#N/A	#N/A	YES	US	Uli Schmidt	Genea (formerly Sydney IVF)	ESC_Undiff	CLUSTER 1	MANUAL_49/COLLAGENASE_1	HDF_50	Wicell_50	5	2	Bisected
embryonic stem cell, undifferentiated	mRNA expression and methylation	ES_SIVF025_passage35_____Male_296.775.1.3	ES_SIVF025_passage35_____Male_296.775.1.2	ES__SIVF025_passage35_Male____296.775.1.2	ES	SIVF025	35	#N/A	#N/A	#N/A	#N/A	Male	#N/A	#N/A	#N/A	#N/A	#N/A	#N/A	#N/A	#N/A	#N/A	#N/A	#N/A	YES	US	Uli Schmidt	Genea (formerly Sydney IVF)	ESC_Undiff	CLUSTER 1	MANUAL_35	HDF_35	WiCell_35	7	1	Whole
embryonic stem cell, undifferentiated	mRNA expression and methylation	ES_SIVF043_passage12_____Male_284.754.1.1	ES_SIVF043_passage12_____Male_284.754.1.3	ES__SIVF043_passage12_Male____284.754.1.3	ES	SIVF043	12	#N/A	#N/A	#N/A	#N/A	Male	#N/A	#N/A	#N/A	#N/A	#N/A	#N/A	#N/A	#N/A	#N/A	#N/A	#N/A	YES	US	Uli Schmidt	Genea (formerly Sydney IVF)	ESC_Undiff	CLUSTER 1	MANUAL_11/COLLAGENASE_1	HDF_12	Wicell_12	5	2	Bisected
embryonic stem cell, undifferentiated	mRNA expression and methylation	ES_SIVF044_passage13_____Male_285.755.1.1	ES_SIVF044_passage13_____Male_285.755.1.3	ES__SIVF044_passage13_Male____285.755.1.3	ES	SIVF044	13	#N/A	#N/A	#N/A	#N/A	Male	#N/A	#N/A	#N/A	#N/A	#N/A	#N/A	#N/A	#N/A	#N/A	#N/A	#N/A	YES	US	Uli Schmidt	Genea (formerly Sydney IVF)	ESC_Undiff	CLUSTER 1	MANUAL_12/CDB_1	HDF_13	Wicell_13	5	2	Bisected
embryonic stem cell, undifferentiated	mRNA expression and methylation	ES_SIVF050_passage9_____Male_280.750.1.1	ES_SIVF050_passage9_____Male_280.750.1.3	ES__SIVF050_passage9_Male____280.750.1.3	ES	SIVF050	9	#N/A	#N/A	#N/A	#N/A	Male	#N/A	#N/A	#N/A	#N/A	#N/A	#N/A	#N/A	#N/A	#N/A	#N/A	#N/A	YES	US	Uli Schmidt	Genea (formerly Sydney IVF)	ESC_Undiff	CLUSTER 1	MANUAL_7/COLLAGENASE_2	HDF_9	Wicell_9	7	2	Whole
embryonic stem cell, undifferentiated	mRNA expression and methylation	ES_WA07_passage35_____Female_47.176.1.6	ES_WA07_passage35_____Female_47.176.1.1	ES__WA07_passage35_Female____47.176.1.1	ES	WA07	35	#N/A	#N/A	#N/A	#N/A	Female	#N/A	#N/A	#N/A	#N/A	#N/A	#N/A	#N/A	#N/A	#N/A	#N/A	#N/A	NO	HK	Hans Keirstead	University of California, Irvine	ESC_Undiff	CLUSTER 3	#N/A	#N/A	#N/A	#N/A	#N/A	#N/A
embryonic stem cell, undifferentiated	mRNA expression and methylation	ES_WA09_passage41_____Female_87.304.7.4	ES_WA09_passage41_____Female_87.304.7.1	ES__WA09_passage41_Female____87.304.7.1	ES	WA09	41	#N/A	#N/A	#N/A	#N/A	Female	#N/A	#N/A	#N/A	#N/A	#N/A	#N/A	#N/A	#N/A	#N/A	#N/A	#N/A	NO	JFL	Jeanne Loring	The Scripps Research Institute	ESC_Undiff	CLUSTER 4	#N/A	#N/A	#N/A	#N/A	#N/A	#N/A
induced pluripotent stem cell, undifferentiated	mRNA expression and methylation	iPS_HDF51IPS1_passage25_____Female_153.894.1.1	iPS_HDF51IPS1_passage25_____Female_153.738.1.1	iPS__HDF51IPS1_passage25_Female____153.738.1.1	iPS	HDF51IPS1	25	#N/A	#N/A	#N/A	#N/A	Female	#N/A	#N/A	#N/A	ICC pluripotency markers, EBs, teratomas, gene expression microarray	retro	pMX	OSKM	N	#N/A	Laurent et al. 2011	21211785	YES	JFL	Jeanne Loring	The Scripps Research Institute	iPSC_Undiff	CLUSTER 3	MANUAL_25	MEF_25	WiCell_25	#N/A	#N/A	#N/A
induced pluripotent stem cell, undifferentiated	mRNA expression and methylation	iPS_HDF51IPS1_passage6_____Female_153.437.2.1	iPS_HDF51IPS1_passage6_____Female_153.437.1.2	iPS__HDF51IPS1_passage6_Female____153.437.1.1	iPS	HDF51IPS1	6	#N/A	#N/A	#N/A	#N/A	Female	#N/A	#N/A	#N/A	ICC pluripotency markers, EBs, teratomas, gene expression microarray	retro	pMX	OSKM	N	#N/A	Laurent et al. 2011	21211785	YES	JFL	Jeanne Loring	The Scripps Research Institute	iPSC_Undiff	CLUSTER 4	MANUAL_6	MEF_6	WiCell_6	#N/A	#N/A	#N/A
induced pluripotent stem cell, undifferentiated	mRNA expression and methylation	iPS_HDF51IPS10_passage37_____Female_161.900.1.3	iPS_HDF51IPS10_passage37_____Female_161.900.1.2	iPS__HDF51IPS10_passage37_Female____161.900.1.2	iPS	HDF51IPS10	37	#N/A	#N/A	#N/A	#N/A	Female	#N/A	#N/A	#N/A	ICC pluripotency markers, EBs, teratomas, gene expression microarray	retro	pMX	OSKM	N	#N/A	Laurent et al. 2011	21211785	YES	JFL	Jeanne Loring	The Scripps Research Institute	iPSC_Undiff	CLUSTER 4	MANUAL_37	MEF_37	WiCell_37	#N/A	#N/A	#N/A
induced pluripotent stem cell, undifferentiated	mRNA expression and methylation	iPS_HDF51IPS10_passage6_____Female_161.445.1.2	iPS_HDF51IPS10_passage6_____Female_161.445.1.1	iPS__HDF51IPS10_passage6_Female____161.445.2.1	iPS	HDF51IPS10	6	#N/A	#N/A	#N/A	#N/A	Female	#N/A	#N/A	#N/A	ICC pluripotency markers, EBs, teratomas, gene expression microarray	retro	pMX	OSKM	N	#N/A	Laurent et al. 2011	21211785	YES	JFL	Jeanne Loring	The Scripps Research Institute	iPSC_Undiff	CLUSTER 4	MANUAL_6	MEF_6	WiCell_6	#N/A	#N/A	#N/A
induced pluripotent stem cell, undifferentiated	mRNA expression and methylation	iPS_HDF51IPS11_passage33_____Female_162.650.1.2	iPS_HDF51IPS11_passage33_____Female_162.650.1.1	iPS__HDF51IPS11_passage33_Female____162.1568.1.2	iPS	HDF51IPS11	33	#N/A	#N/A	#N/A	#N/A	Female	#N/A	#N/A	#N/A	ICC pluripotency markers, EBs, teratomas, gene expression microarray	retro	pMX	OSKM	N	#N/A	Laurent et al. 2011	21211785	YES	JFL	Jeanne Loring	The Scripps Research Institute	iPSC_Undiff	CLUSTER 2	MANUAL_33	MEF_33	WiCell_33	#N/A	#N/A	#N/A
induced pluripotent stem cell, undifferentiated	mRNA expression and methylation	iPS_HDF51IPS11_passage8_____Female_162.475.1.1	iPS_HDF51IPS11_passage8_____Female_162.475.3.2	iPS__HDF51IPS11_passage8_Female____162.475.3.2	iPS	HDF51IPS11	8	#N/A	#N/A	#N/A	#N/A	Female	#N/A	#N/A	#N/A	ICC pluripotency markers, EBs, teratomas, gene expression microarray	retro	pMX	OSKM	N	#N/A	Laurent et al. 2011	21211785	YES	JFL	Jeanne Loring	The Scripps Research Institute	iPSC_Undiff	CLUSTER 4	MANUAL_8	MEF_8	WiCell_8	#N/A	#N/A	#N/A
induced pluripotent stem cell, undifferentiated	mRNA expression and methylation	iPS_HDF51IPS12_passage33_____Female_163.651.1.1	iPS_HDF51IPS12_passage33_____Female_163.651.1.3	iPS__HDF51IPS12_passage33_Female____163.651.1.3	iPS	HDF51IPS12	33	#N/A	#N/A	#N/A	#N/A	Female	#N/A	#N/A	#N/A	ICC pluripotency markers, EBs, teratomas, gene expression microarray	retro	pMX	OSKM	N	#N/A	Laurent et al. 2011	21211785	YES	JFL	Jeanne Loring	The Scripps Research Institute	iPSC_Undiff	CLUSTER 3	MANUAL_33	MEF_33	WiCell_33	#N/A	#N/A	#N/A
induced pluripotent stem cell, undifferentiated	mRNA expression and methylation	iPS_HDF51IPS12_passage6_____Female_163.447.1.2	iPS_HDF51IPS12_passage6_____Female_163.447.1.1	iPS__HDF51IPS12_passage6_Female____163.447.1.1	iPS	HDF51IPS12	6	#N/A	#N/A	#N/A	#N/A	Female	#N/A	#N/A	#N/A	ICC pluripotency markers, EBs, teratomas, gene expression microarray	retro	pMX	OSKM	N	#N/A	Laurent et al. 2011	21211785	YES	JFL	Jeanne Loring	The Scripps Research Institute	iPSC_Undiff	CLUSTER 4	MANUAL_6	MEF_6	WiCell_6	#N/A	#N/A	#N/A
induced pluripotent stem cell, undifferentiated	mRNA expression and methylation	iPS_HDF51IPS13_passage34_____Female_164.652.1.3	iPS_HDF51IPS13_passage34_____Female_164.652.1.1	iPS__HDF51IPS13_passage34_Female____164.652.1.1	iPS	HDF51IPS13	34	#N/A	#N/A	#N/A	#N/A	Female	#N/A	#N/A	#N/A	ICC pluripotency markers, EBs, teratomas, gene expression microarray	retro	pMX	OSKM	N	#N/A	Laurent et al. 2011	21211785	YES	JFL	Jeanne Loring	The Scripps Research Institute	iPSC_Undiff	CLUSTER 3	MANUAL_34	MEF_34	WiCell_34	#N/A	#N/A	#N/A
induced pluripotent stem cell, undifferentiated	mRNA expression and methylation	iPS_HDF51IPS13_passage8_____Female_164.471.1.1	iPS_HDF51IPS13_passage8_____Female_164.471.3.2	iPS__HDF51IPS13_passage8_Female____164.471.3.2	iPS	HDF51IPS13	8	#N/A	#N/A	#N/A	#N/A	Female	#N/A	#N/A	#N/A	ICC pluripotency markers, EBs, teratomas, gene expression microarray	retro	pMX	OSKM	N	#N/A	Laurent et al. 2011	21211785	YES	JFL	Jeanne Loring	The Scripps Research Institute	iPSC_Undiff	CLUSTER 4	MANUAL_8	MEF_8	WiCell_8	#N/A	#N/A	#N/A
induced pluripotent stem cell, undifferentiated	mRNA expression and methylation	iPS_HDF51IPS2_passage34_____Female_154.644.1.1	iPS_HDF51IPS2_passage34_____Female_154.644.1.2	iPS__HDF51IPS2_passage34_Female____154.644.1.2	iPS	HDF51IPS2	34	#N/A	#N/A	#N/A	#N/A	Female	#N/A	#N/A	#N/A	ICC pluripotency markers, EBs, teratomas, gene expression microarray	retro	pMX	OSKM	N	#N/A	Laurent et al. 2011	21211785	YES	JFL	Jeanne Loring	The Scripps Research Institute	iPSC_Undiff	CLUSTER 4	MANUAL_34	MEF_34	WiCell_34	#N/A	#N/A	#N/A
induced pluripotent stem cell, undifferentiated	mRNA expression and methylation	iPS_HDF51IPS2_passage6_____Female_154.438.1.1	iPS_HDF51IPS2_passage6_____Female_154.438.1.2	iPS__HDF51IPS2_passage6_Female____154.438.1.2	iPS	HDF51IPS2	6	#N/A	#N/A	#N/A	#N/A	Female	#N/A	#N/A	#N/A	ICC pluripotency markers, EBs, teratomas, gene expression microarray	retro	pMX	OSKM	N	#N/A	Laurent et al. 2011	21211785	YES	JFL	Jeanne Loring	The Scripps Research Institute	iPSC_Undiff	CLUSTER 4	MANUAL_6	MEF_6	WiCell_6	#N/A	#N/A	#N/A
induced pluripotent stem cell, undifferentiated	mRNA expression and methylation	iPS_HDF51IPS3_passage34_____Female_155.645.1.1	iPS_HDF51IPS3_passage34_____Female_155.645.1.4	iPS__HDF51IPS3_passage34_Female____155.645.1.3	iPS	HDF51IPS3	34	#N/A	#N/A	#N/A	#N/A	Female	#N/A	#N/A	#N/A	ICC pluripotency markers, EBs, teratomas, gene expression microarray	retro	pMX	OSKM	N	#N/A	Laurent et al. 2011	21211785	YES	JFL	Jeanne Loring	The Scripps Research Institute	iPSC_Undiff	CLUSTER 4	MANUAL_34	MEF_34	WiCell_34	#N/A	#N/A	#N/A
induced pluripotent stem cell, undifferentiated	mRNA expression and methylation	iPS_HDF51IPS3_passage6_____Female_155.439.1.2	iPS_HDF51IPS3_passage6_____Female_155.439.1.1	iPS__HDF51IPS3_passage6_Female____155.439.1.1	iPS	HDF51IPS3	6	#N/A	#N/A	#N/A	#N/A	Female	#N/A	#N/A	#N/A	ICC pluripotency markers, EBs, teratomas, gene expression microarray	retro	pMX	OSKM	N	#N/A	Laurent et al. 2011	21211785	YES	JFL	Jeanne Loring	The Scripps Research Institute	iPSC_Undiff	CLUSTER 4	MANUAL_6	MEF_6	WiCell_6	#N/A	#N/A	#N/A
induced pluripotent stem cell, undifferentiated	mRNA expression and methylation	iPS_HDF51IPS5_passage34_____Female_156.646.1.1	iPS_HDF51IPS5_passage34_____Female_156.646.1.1	iPS__HDF51IPS5_passage34_Female____156.646.1.1	iPS	HDF51IPS5	34	#N/A	#N/A	#N/A	#N/A	Female	#N/A	#N/A	#N/A	ICC pluripotency markers, EBs, teratomas, gene expression microarray	retro	pMX	OSKM	N	#N/A	Laurent et al. 2011	21211785	YES	JFL	Jeanne Loring	The Scripps Research Institute	iPSC_Undiff	CLUSTER 4	MANUAL_34	MEF_34	WiCell_34	#N/A	#N/A	#N/A
induced pluripotent stem cell, undifferentiated	mRNA expression and methylation	iPS_HDF51IPS5_passage6_____Female_156.440.1.2	iPS_HDF51IPS5_passage6_____Female_156.440.1.1	iPS__HDF51IPS5_passage6_Female____156.440.1.1	iPS	HDF51IPS5	6	#N/A	#N/A	#N/A	#N/A	Female	#N/A	#N/A	#N/A	ICC pluripotency markers, EBs, teratomas, gene expression microarray	retro	pMX	OSKM	N	#N/A	Laurent et al. 2011	21211785	YES	JFL	Jeanne Loring	The Scripps Research Institute	iPSC_Undiff	CLUSTER 4	MANUAL_6	MEF_6	WiCell_6	#N/A	#N/A	#N/A
induced pluripotent stem cell, undifferentiated	mRNA expression and methylation	iPS_HDF51IPS6_passage33_____Female_157.647.1.1	iPS_HDF51IPS6_passage33_____Female_157.647.1.2	iPS__HDF51IPS6_passage33_Female____157.647.1.2	iPS	HDF51IPS6	33	#N/A	#N/A	#N/A	#N/A	Female	#N/A	#N/A	#N/A	ICC pluripotency markers, EBs, teratomas, gene expression microarray	retro	pMX	OSKM	N	#N/A	Laurent et al. 2011	21211785	YES	JFL	Jeanne Loring	The Scripps Research Institute	iPSC_Undiff	CLUSTER 2	MANUAL_33	MEF_33	WiCell_33	#N/A	#N/A	#N/A
induced pluripotent stem cell, undifferentiated	mRNA expression and methylation	iPS_HDF51IPS6_passage5_____Female_157.441.1.2	iPS_HDF51IPS6_passage5_____Female_157.441.1.1	iPS__HDF51IPS6_passage5_Female____157.441.1.1	iPS	HDF51IPS6	5	#N/A	#N/A	#N/A	#N/A	Female	#N/A	#N/A	#N/A	ICC pluripotency markers, EBs, teratomas, gene expression microarray	retro	pMX	OSKM	N	#N/A	Laurent et al. 2011	21211785	YES	JFL	Jeanne Loring	The Scripps Research Institute	iPSC_Undiff	CLUSTER 4	MANUAL_5	MEF_5	WiCell_5	#N/A	#N/A	#N/A
induced pluripotent stem cell, undifferentiated	mRNA expression and methylation	iPS_HDF51IPS7_passage33_____Female_158.648.1.2	iPS_HDF51IPS7_passage33_____Female_158.648.1.1	iPS__HDF51IPS7_passage33_Female____158.648.1.1	iPS	HDF51IPS7	33	#N/A	#N/A	#N/A	#N/A	Female	#N/A	#N/A	#N/A	ICC pluripotency markers, EBs, teratomas, gene expression microarray	retro	pMX	OSKM	N	#N/A	Laurent et al. 2011	21211785	YES	JFL	Jeanne Loring	The Scripps Research Institute	iPSC_Undiff	CLUSTER 3	MANUAL_33	MEF_33	WiCell_33	#N/A	#N/A	#N/A
induced pluripotent stem cell, undifferentiated	mRNA expression and methylation	iPS_HDF51IPS9_passage33_____Female_160.649.1.1	iPS_HDF51IPS9_passage33_____Female_160.649.1.3	iPS__HDF51IPS9_passage33_Female____160.649.1.3	iPS	HDF51IPS9	33	#N/A	#N/A	#N/A	#N/A	Female	#N/A	#N/A	#N/A	ICC pluripotency markers, EBs, teratomas, gene expression microarray	retro	pMX	OSKM	N	#N/A	Laurent et al. 2011	21211785	YES	JFL	Jeanne Loring	The Scripps Research Institute	iPSC_Undiff	CLUSTER 4	MANUAL_33	MEF_33	WiCell_33	#N/A	#N/A	#N/A
induced pluripotent stem cell, undifferentiated	mRNA expression and methylation	iPS_HDF51IPS9_passage7_____Female_160.473.1.2	iPS_HDF51IPS9_passage7_____Female_160.473.1.1	iPS__HDF51IPS9_passage7_Female____160.473.1.1	iPS	HDF51IPS9	7	#N/A	#N/A	#N/A	#N/A	Female	#N/A	#N/A	#N/A	ICC pluripotency markers, EBs, teratomas, gene expression microarray	retro	pMX	OSKM	N	#N/A	Laurent et al. 2011	21211785	YES	JFL	Jeanne Loring	The Scripps Research Institute	iPSC_Undiff	CLUSTER 4	MANUAL_7	MEF_7	WiCell_7	#N/A	#N/A	#N/A
Somatic.Primary	mRNA expression and methylation	Somatic.Primary_CCD1079SK______Male_128.380.1.1	Somatic.Primary_CCD1079SK______Male_128.380.3.1	Somatic.Primary__CCD1079SK__Male____128.380.3.1	Somatic.Primary	CCD1079SK	#N/A	#N/A	#N/A	#N/A	#N/A	Male	#N/A	#N/A	#N/A	#N/A	#N/A	#N/A	#N/A	#N/A	#N/A	#N/A	#N/A	NO	AL	Andrew Laslett	Commonwealth Scientific and Industrial Research Organisation Molecular and Health Technologies	Human Foreskin Fibroblast	CLUSTER 1	#N/A	#N/A	#N/A	#N/A	#N/A	#N/A
Somatic.Primary	mRNA expression and methylation	Somatic.Primary_HBdSMC265______Male_212.565.1.2	Somatic.Primary_HBdSMC265______Male_212.565.1.1	Somatic.Primary__HBdSMC265__Male____212.565.1.1	Somatic.Primary	HBdSMC265	#N/A	#N/A	#N/A	#N/A	#N/A	Male	#N/A	#N/A	#N/A	#N/A	#N/A	#N/A	#N/A	#N/A	#N/A	#N/A	#N/A	NO	JS	James Shen	ScienCell	Human_Bladder_Smooth_Muscle_Cells	CLUSTER 1	#N/A	#N/A	#N/A	#N/A	#N/A	#N/A
Somatic.Primary	mRNA expression and methylation	Somatic.Primary_HBVSMC266______Male_203.556.1.2	Somatic.Primary_HBVSMC266______Male_203.556.1.1	Somatic.Primary__HBVSMC266__Male____203.556.1.1	Somatic.Primary	HBVSMC266	#N/A	#N/A	#N/A	#N/A	#N/A	Male	#N/A	#N/A	#N/A	#N/A	#N/A	#N/A	#N/A	#N/A	#N/A	#N/A	#N/A	NO	JS	James Shen	ScienCell	Human_Brain_Vascular_Smooth_Muscle_Cells	CLUSTER 1	#N/A	#N/A	#N/A	#N/A	#N/A	#N/A
Somatic.Primary	mRNA expression and methylation	Somatic.Primary_HCF1______Male_215.568.1.2	Somatic.Primary_HCF1______Male_215.568.1.1	Somatic.Primary__HCF1__Male____215.568.1.1	Somatic.Primary	HCF1	#N/A	#N/A	#N/A	#N/A	#N/A	Male	#N/A	#N/A	#N/A	#N/A	#N/A	#N/A	#N/A	#N/A	#N/A	#N/A	#N/A	NO	JS	James Shen	ScienCell	Human_Cardiac_Fibroblasts	CLUSTER 1	#N/A	#N/A	#N/A	#N/A	#N/A	#N/A
Somatic.Primary	mRNA expression and methylation	Somatic.Primary_HCFaa1______Male_216.569.1.2	Somatic.Primary_HCFaa1______Male_216.569.1.1	Somatic.Primary__HCFaa1__Male____216.569.1.1	Somatic.Primary	HCFaa1	#N/A	#N/A	#N/A	#N/A	#N/A	Male	#N/A	#N/A	#N/A	#N/A	#N/A	#N/A	#N/A	#N/A	#N/A	#N/A	#N/A	NO	JS	James Shen	ScienCell	Human_Cardiac_Fibroblasts_Adult_Atrial	CLUSTER 1	#N/A	#N/A	#N/A	#N/A	#N/A	#N/A
Somatic.Primary	mRNA expression and methylation	Somatic.Primary_HDF258______Female_204.557.1.2	Somatic.Primary_HDF258______Female_204.557.1.1	Somatic.Primary__HDF258__Female____204.557.1.1	Somatic.Primary	HDF258	#N/A	#N/A	#N/A	#N/A	#N/A	Female	#N/A	#N/A	#N/A	#N/A	#N/A	#N/A	#N/A	#N/A	#N/A	#N/A	#N/A	NO	JS	James Shen	ScienCell	Human_Dermal_Fibroblasts_Fetal	CLUSTER 5	#N/A	#N/A	#N/A	#N/A	#N/A	#N/A
Somatic.Primary	mRNA expression and methylation	Somatic.Primary_HDF51______Female_166.411.1.1	Somatic.Primary_HDF51______Female_166.411.1.2	Somatic.Primary__HDF51__Female____166.411.1.2	Somatic.Primary	HDF51	#N/A	#N/A	#N/A	#N/A	#N/A	Female	#N/A	#N/A	#N/A	#N/A	#N/A	#N/A	#N/A	#N/A	#N/A	#N/A	#N/A	NO	JFL	Jeanne Loring	The Scripps Research Institute	Human_Dermal_Fibroblast	CLUSTER 5	#N/A	#N/A	#N/A	#N/A	#N/A	#N/A
Somatic.Primary	mRNA expression and methylation	Somatic.Primary_HDF51______Female_166.436.1.1	Somatic.Primary_HDF51______Female_166.436.1.2	Somatic.Primary__HDF51__Female____166.436.1.3	Somatic.Primary	HDF51	#N/A	#N/A	#N/A	#N/A	#N/A	Female	#N/A	#N/A	#N/A	#N/A	#N/A	#N/A	#N/A	#N/A	#N/A	#N/A	#N/A	NO	JFL	Jeanne Loring	The Scripps Research Institute	Human_Dermal_Fibroblast	CLUSTER 5	#N/A	#N/A	#N/A	#N/A	#N/A	#N/A
Somatic.Primary	mRNA expression and methylation	Somatic.Primary_HESMC267______Male_207.560.1.2	Somatic.Primary_HESMC267______Male_207.560.1.1	Somatic.Primary__HESMC267__Male____207.560.1.1	Somatic.Primary	HESMC267	#N/A	#N/A	#N/A	#N/A	#N/A	Male	#N/A	#N/A	#N/A	#N/A	#N/A	#N/A	#N/A	#N/A	#N/A	#N/A	#N/A	NO	JS	James Shen	ScienCell	Human_Esophageal_Smooth_Muscle_Cells	CLUSTER 1	#N/A	#N/A	#N/A	#N/A	#N/A	#N/A
Somatic.Primary	mRNA expression and methylation	Somatic.Primary_HIBEpiC254______Male_213.566.1.2	Somatic.Primary_HIBEpiC254______Male_213.566.1.1	Somatic.Primary__HIBEpiC254__Male____213.566.1.1	Somatic.Primary	HIBEpiC254	#N/A	#N/A	#N/A	#N/A	#N/A	Male	#N/A	#N/A	#N/A	#N/A	#N/A	#N/A	#N/A	#N/A	#N/A	#N/A	#N/A	NO	JS	James Shen	ScienCell	Human_Intrahepatic_Biliary_Epithelial_Cells	CLUSTER 1	#N/A	#N/A	#N/A	#N/A	#N/A	#N/A
Somatic.Primary	mRNA expression and methylation	Somatic.Primary_HPAv263______Female_217.570.1.2	Somatic.Primary_HPAv263______Female_217.570.1.1	Somatic.Primary__HPAv263__Female____217.570.1.1	Somatic.Primary	HPAv263	#N/A	#N/A	#N/A	#N/A	#N/A	Female	#N/A	#N/A	#N/A	#N/A	#N/A	#N/A	#N/A	#N/A	#N/A	#N/A	#N/A	NO	JS	James Shen	ScienCell	Preadipocytes_visceral	CLUSTER 5	#N/A	#N/A	#N/A	#N/A	#N/A	#N/A
Somatic.Primary	mRNA expression and methylation	Somatic.Primary_HPLF260______Male_206.559.1.2	Somatic.Primary_HPLF260______Male_206.559.1.1	Somatic.Primary__HPLF260__Male____206.559.1.1	Somatic.Primary	HPLF260	#N/A	#N/A	#N/A	#N/A	#N/A	Male	#N/A	#N/A	#N/A	#N/A	#N/A	#N/A	#N/A	#N/A	#N/A	#N/A	#N/A	NO	JS	James Shen	ScienCell	Human_Periodontal_Ligament_Fibroblasts	CLUSTER 1	#N/A	#N/A	#N/A	#N/A	#N/A	#N/A
Somatic.Primary	mRNA expression and methylation	Somatic.Primary_HRCEpiC255______Male_210.563.1.2	Somatic.Primary_HRCEpiC255______Male_210.563.1.1	Somatic.Primary__HRCEpiC255__Male____210.563.1.1	Somatic.Primary	HRCEpiC255	#N/A	#N/A	#N/A	#N/A	#N/A	Male	#N/A	#N/A	#N/A	#N/A	#N/A	#N/A	#N/A	#N/A	#N/A	#N/A	#N/A	NO	JS	James Shen	ScienCell	Renal_Cortical_Epithelial	CLUSTER 1	#N/A	#N/A	#N/A	#N/A	#N/A	#N/A
Somatic.Primary	mRNA expression and methylation	Somatic.Primary_HREpiC256______Male_211.564.1.2	Somatic.Primary_HREpiC256______Male_211.564.1.1	Somatic.Primary__HREpiC256__Male____211.564.1.1	Somatic.Primary	HREpiC256	#N/A	#N/A	#N/A	#N/A	#N/A	Male	#N/A	#N/A	#N/A	#N/A	#N/A	#N/A	#N/A	#N/A	#N/A	#N/A	#N/A	NO	JS	James Shen	ScienCell	Renal_Epithelial_Cells	CLUSTER 1	#N/A	#N/A	#N/A	#N/A	#N/A	#N/A
Somatic.Primary	mRNA expression and methylation	Somatic.Primary_HRPTEpiC257______Male_209.562.1.2	Somatic.Primary_HRPTEpiC257______Male_209.562.1.1	Somatic.Primary__HRPTEpiC257__Male____209.562.1.1	Somatic.Primary	HRPTEpiC257	#N/A	#N/A	#N/A	#N/A	#N/A	Male	#N/A	#N/A	#N/A	#N/A	#N/A	#N/A	#N/A	#N/A	#N/A	#N/A	#N/A	NO	JS	James Shen	ScienCell	Renal Proximal Tubular Epithelial_Cells	CLUSTER 1	#N/A	#N/A	#N/A	#N/A	#N/A	#N/A
Somatic.Primary	mRNA expression and methylation	Somatic.Primary_HSkMC268______Female_208.561.1.2	Somatic.Primary_HSkMC268______Female_208.561.1.1	Somatic.Primary__HSkMC268__Female____208.561.1.1	Somatic.Primary	HSkMC268	#N/A	#N/A	#N/A	#N/A	#N/A	Female	#N/A	#N/A	#N/A	#N/A	#N/A	#N/A	#N/A	#N/A	#N/A	#N/A	#N/A	NO	JS	James Shen	ScienCell	Human_Skeletal_Muscle_Cells	CLUSTER 5	#N/A	#N/A	#N/A	#N/A	#N/A	#N/A
Somatic.Primary	mRNA expression and methylation	Somatic.Primary_IMR90______Female_129.382.1.1	Somatic.Primary_IMR90______Female_129.382.3.1	Somatic.Primary__IMR90__Female____129.382.3.1	Somatic.Primary	IMR90	#N/A	#N/A	#N/A	#N/A	#N/A	Female	#N/A	#N/A	#N/A	#N/A	#N/A	#N/A	#N/A	#N/A	#N/A	#N/A	#N/A	NO	AL	Andrew Laslett	Commonwealth Scientific and Industrial Research Organisation Molecular and Health Technologies	Fibroblast, lung	CLUSTER 5	#N/A	#N/A	#N/A	#N/A	#N/A	#N/A
Somatic.Primary	mRNA expression and methylation	Somatic.Primary_KDIB2______Male_251.669.1.1	Somatic.Primary_KDIB2______Male_251.669.1.2	Somatic.Primary__KDIB2__Male____251.669.1.2	Somatic.Primary	KDIB2	#N/A	#N/A	#N/A	#N/A	#N/A	Male	#N/A	#N/A	#N/A	#N/A	#N/A	#N/A	#N/A	#N/A	#N/A	#N/A	#N/A	NO	IB	Juan Carlos Izpisua Belmonte	Salk	Keratinocyte	CLUSTER 1	#N/A	#N/A	#N/A	#N/A	#N/A	#N/A
Somatic.Primary	mRNA expression and methylation	Somatic.Primary_KERA1______Male_137.400.9.1	Somatic.Primary_KERA1______Male_137.400.3.1	Somatic.Primary__KERA1__Male____137.400.3.1	Somatic.Primary	KERA1	#N/A	#N/A	#N/A	#N/A	#N/A	Male	#N/A	#N/A	#N/A	#N/A	#N/A	#N/A	#N/A	#N/A	#N/A	#N/A	#N/A	NO	IB	Juan Carlos Izpisua Belmonte	Salk	Keratinocyte	CLUSTER 1	#N/A	#N/A	#N/A	#N/A	#N/A	#N/A
Somatic.Primary	mRNA expression and methylation	Somatic.Primary_MRC5______Male_312.891.1.1	Somatic.Primary_MRC5______Male_312.891.3.1	Somatic.Primary__MRC5__Male____312.891.3.1	Somatic.Primary	MRC5	#N/A	#N/A	#N/A	#N/A	#N/A	Male	#N/A	#N/A	#N/A	#N/A	#N/A	#N/A	#N/A	#N/A	#N/A	#N/A	#N/A	NO	EP	Eirini Papapetrou	Memorial Sloan-Kettering Cancer Center	Fetal Lung Fibroblast	CLUSTER 1	#N/A	#N/A	#N/A	#N/A	#N/A	#N/A
Somatic.Tissue	mRNA expression and methylation	Somatic.Tissue___Adipose_Adult__Patient2_Female_98.30.1.2	Somatic.Tissue___Adipose_Adult__Patient2_Female_98.30.1.1	Somatic.Tissue__Adipose__Female_Adult__Patient2_98.30.1.1	Somatic.Tissue	#N/A	#N/A	Adipose	Adult	#N/A	Patient2	Female	#N/A	#N/A	#N/A	#N/A	#N/A	#N/A	#N/A	#N/A	#N/A	#N/A	#N/A	NO	CB	Chris Barry	University of California, San Diego	Adipose	CLUSTER 5	#N/A	#N/A	#N/A	#N/A	#N/A	#N/A
Somatic.Tissue	mRNA expression and methylation	Somatic.Tissue___Adipose_Adult__Patient1_Male_98.29.1.1	Somatic.Tissue___Adipose_Adult__Patient1_Male_98.29.1.5	Somatic.Tissue__Adipose__Male_Adult__Patient1_98.29.1.5	Somatic.Tissue	#N/A	#N/A	Adipose	Adult	#N/A	Patient1	Male	#N/A	#N/A	#N/A	#N/A	#N/A	#N/A	#N/A	#N/A	#N/A	#N/A	#N/A	NO	CB	Chris Barry	University of California, San Diego	Adipose	CLUSTER 1	#N/A	#N/A	#N/A	#N/A	#N/A	#N/A
Somatic.Tissue	mRNA expression and methylation	Somatic.Tissue___Adrenal_Adult__Patient2_Female_95.30.2.2	Somatic.Tissue___Adrenal_Adult__Patient2_Female_95.30.2.1	Somatic.Tissue__Adrenal__Female_Adult__Patient2_95.30.2.1	Somatic.Tissue	#N/A	#N/A	Adrenal	Adult	#N/A	Patient2	Female	#N/A	#N/A	#N/A	#N/A	#N/A	#N/A	#N/A	#N/A	#N/A	#N/A	#N/A	NO	CB	Chris Barry	University of California, San Diego	Adrenal	CLUSTER 5	#N/A	#N/A	#N/A	#N/A	#N/A	#N/A
Somatic.Tissue	mRNA expression and methylation	Somatic.Tissue___Adrenal_Fetal_14wk_Patient32_Female_95.414.1.2	Somatic.Tissue___Adrenal_Fetal_14wk_Patient32_Female_95.414.1.1	Somatic.Tissue__Adrenal__Female_Fetal_14wk_Patient32_95.414.1.1	Somatic.Tissue	#N/A	#N/A	Adrenal	Fetal	14wk	Patient32	Female	#N/A	#N/A	#N/A	#N/A	#N/A	#N/A	#N/A	#N/A	#N/A	#N/A	#N/A	NO	PP	Planned parenthood	Planned Parenthood	Adrenal	CLUSTER 5	#N/A	#N/A	#N/A	#N/A	#N/A	#N/A
Somatic.Tissue	mRNA expression and methylation	Somatic.Tissue___Adrenal_Adult__Patient1_Male_95.29.1.2	Somatic.Tissue___Adrenal_Adult__Patient1_Male_95.29.1.7	Somatic.Tissue__Adrenal__Male_Adult__Patient1_95.29.1.7	Somatic.Tissue	#N/A	#N/A	Adrenal	Adult	#N/A	Patient1	Male	#N/A	#N/A	#N/A	#N/A	#N/A	#N/A	#N/A	#N/A	#N/A	#N/A	#N/A	NO	CB	Chris Barry	University of California, San Diego	Adrenal	CLUSTER 1	#N/A	#N/A	#N/A	#N/A	#N/A	#N/A
Somatic.Tissue	mRNA expression and methylation	Somatic.Tissue___Adrenal_Fetal_15wk_Patient30_Male_95.412.1.3	Somatic.Tissue___Adrenal_Fetal_15wk_Patient30_Male_95.412.1.2	Somatic.Tissue__Adrenal__Male_Fetal_15wk_Patient30_95.412.1.2	Somatic.Tissue	#N/A	#N/A	Adrenal	Fetal	15wk	Patient30	Male	#N/A	#N/A	#N/A	#N/A	#N/A	#N/A	#N/A	#N/A	#N/A	#N/A	#N/A	NO	PP	Planned parenthood	Planned Parenthood	Adrenal	CLUSTER 1	#N/A	#N/A	#N/A	#N/A	#N/A	#N/A
Somatic.Tissue	mRNA expression and methylation	Somatic.Tissue___Bladder_Adult__Patient2_Female_99.30.1.2	Somatic.Tissue___Bladder_Adult__Patient2_Female_99.30.1.1	Somatic.Tissue__Bladder__Female_Adult__Patient2_99.30.1.1	Somatic.Tissue	#N/A	#N/A	Bladder	Adult	#N/A	Patient2	Female	#N/A	#N/A	#N/A	#N/A	#N/A	#N/A	#N/A	#N/A	#N/A	#N/A	#N/A	NO	CB	Chris Barry	University of California, San Diego	Bladder	CLUSTER 5	#N/A	#N/A	#N/A	#N/A	#N/A	#N/A
Somatic.Tissue	mRNA expression and methylation	Somatic.Tissue___Bladder_Adult__Patient1_Male_99.29.1.1	Somatic.Tissue___Bladder_Adult__Patient1_Male_99.29.1.7	Somatic.Tissue__Bladder__Male_Adult__Patient1_99.29.1.7	Somatic.Tissue	#N/A	#N/A	Bladder	Adult	#N/A	Patient1	Male	#N/A	#N/A	#N/A	#N/A	#N/A	#N/A	#N/A	#N/A	#N/A	#N/A	#N/A	NO	CB	Chris Barry	University of California, San Diego	Bladder	CLUSTER 1	#N/A	#N/A	#N/A	#N/A	#N/A	#N/A
Somatic.Tissue	mRNA expression and methylation	Somatic.Tissue___Kidney_Fetal_14wk_Patient32_Female_143.414.1.2	Somatic.Tissue___Kidney_Fetal_14wk_Patient32_Female_143.414.1.1	Somatic.Tissue__Kidney__Female_Fetal_14wk_Patient32_143.414.1.1	Somatic.Tissue	#N/A	#N/A	Kidney	Fetal	14wk	Patient32	Female	#N/A	#N/A	#N/A	#N/A	#N/A	#N/A	#N/A	#N/A	#N/A	#N/A	#N/A	NO	PP	Planned parenthood	Planned Parenthood	Kidney	CLUSTER 5	#N/A	#N/A	#N/A	#N/A	#N/A	#N/A
Somatic.Tissue	mRNA expression and methylation	Somatic.Tissue___Kidney_Fetal_15wk_Patient30_Male_143.412.1.2	Somatic.Tissue___Kidney_Fetal_15wk_Patient30_Male_143.412.1.1	Somatic.Tissue__Kidney__Male_Fetal_15wk_Patient30_143.412.1.1	Somatic.Tissue	#N/A	#N/A	Kidney	Fetal	15wk	Patient30	Male	#N/A	#N/A	#N/A	#N/A	#N/A	#N/A	#N/A	#N/A	#N/A	#N/A	#N/A	NO	PP	Planned parenthood	Planned Parenthood	Kidney	CLUSTER 1	#N/A	#N/A	#N/A	#N/A	#N/A	#N/A
Somatic.Tissue	mRNA expression and methylation	Somatic.Tissue___Liver_Fetal_14wk_Patient32_Female_147.414.1.2	Somatic.Tissue___Liver_Fetal_14wk_Patient32_Female_147.414.1.1	Somatic.Tissue__Liver__Female_Fetal_14wk_Patient32_147.414.1.1	Somatic.Tissue	#N/A	#N/A	Liver	Fetal	14wk	Patient32	Female	#N/A	#N/A	#N/A	#N/A	#N/A	#N/A	#N/A	#N/A	#N/A	#N/A	#N/A	NO	PP	Planned parenthood	Planned Parenthood	Liver	CLUSTER 5	#N/A	#N/A	#N/A	#N/A	#N/A	#N/A
Somatic.Tissue	mRNA expression and methylation	Somatic.Tissue___Lung_Adult__Patient2_Female_94.30.1.2	Somatic.Tissue___Lung_Adult__Patient2_Female_94.30.1.1	Somatic.Tissue__Lung__Female_Adult__Patient2_94.30.1.1	Somatic.Tissue	#N/A	#N/A	Lung	Adult	#N/A	Patient2	Female	#N/A	#N/A	#N/A	#N/A	#N/A	#N/A	#N/A	#N/A	#N/A	#N/A	#N/A	NO	CB	Chris Barry	University of California, San Diego	Lung	CLUSTER 5	#N/A	#N/A	#N/A	#N/A	#N/A	#N/A
Somatic.Tissue	mRNA expression and methylation	Somatic.Tissue___Lung_Fetal_14wk_Patient32_Female_94.414.1.2	Somatic.Tissue___Lung_Fetal_14wk_Patient32_Female_94.414.1.1	Somatic.Tissue__Lung__Female_Fetal_14wk_Patient32_94.414.1.1	Somatic.Tissue	#N/A	#N/A	Lung	Fetal	14wk	Patient32	Female	#N/A	#N/A	#N/A	#N/A	#N/A	#N/A	#N/A	#N/A	#N/A	#N/A	#N/A	NO	PP	Planned parenthood	Planned Parenthood	Lung	CLUSTER 5	#N/A	#N/A	#N/A	#N/A	#N/A	#N/A
Somatic.Tissue	mRNA expression and methylation	Somatic.Tissue___Lung_Adult__Patient1_Male_94.29.1.1	Somatic.Tissue___Lung_Adult__Patient1_Male_94.29.1.7	Somatic.Tissue__Lung__Male_Adult__Patient1_94.29.1.7	Somatic.Tissue	#N/A	#N/A	Lung	Adult	#N/A	Patient1	Male	#N/A	#N/A	#N/A	#N/A	#N/A	#N/A	#N/A	#N/A	#N/A	#N/A	#N/A	NO	CB	Chris Barry	University of California, San Diego	Lung	CLUSTER 1	#N/A	#N/A	#N/A	#N/A	#N/A	#N/A
Somatic.Tissue	mRNA expression and methylation	Somatic.Tissue___Lung_Fetal_15wk_Patient30_Male_94.412.1.2	Somatic.Tissue___Lung_Fetal_15wk_Patient30_Male_94.412.1.1	Somatic.Tissue__Lung__Male_Fetal_15wk_Patient30_94.412.1.1	Somatic.Tissue	#N/A	#N/A	Lung	Fetal	15wk	Patient30	Male	#N/A	#N/A	#N/A	#N/A	#N/A	#N/A	#N/A	#N/A	#N/A	#N/A	#N/A	NO	CB	Chris Barry	University of California, San Diego	Lung	CLUSTER 1	#N/A	#N/A	#N/A	#N/A	#N/A	#N/A
Somatic.Tissue	mRNA expression and methylation	Somatic.Tissue___Lymph.Node_Adult__Patient2_Female_100.30.1.2	Somatic.Tissue___Lymph.Node_Adult__Patient2_Female_100.30.1.1	Somatic.Tissue__Lymph.Node__Female_Adult__Patient2_100.30.1.1	Somatic.Tissue	#N/A	#N/A	Lymph.node	Adult	#N/A	Patient2	Female	#N/A	#N/A	#N/A	#N/A	#N/A	#N/A	#N/A	#N/A	#N/A	#N/A	#N/A	NO	CB	Chris Barry	University of California, San Diego	LymphNode	CLUSTER 5	#N/A	#N/A	#N/A	#N/A	#N/A	#N/A
Somatic.Tissue	mRNA expression and methylation	Somatic.Tissue___Lymph.Node_Adult__Patient1_Male_100.29.1.1	Somatic.Tissue___Lymph.Node_Adult__Patient1_Male_100.29.1.3	Somatic.Tissue__Lymph.Node__Male_Adult__Patient1_100.29.1.3	Somatic.Tissue	#N/A	#N/A	Lymph.node	Adult	#N/A	Patient1	Male	#N/A	#N/A	#N/A	#N/A	#N/A	#N/A	#N/A	#N/A	#N/A	#N/A	#N/A	NO	CB	Chris Barry	University of California, San Diego	LymphNode	CLUSTER 1	#N/A	#N/A	#N/A	#N/A	#N/A	#N/A
Somatic.Tissue	mRNA expression and methylation	Somatic.Tissue___Skeletal.muscle_Adult__Patient2_Female_97.30.1.2	Somatic.Tissue___Skeletal.muscle_Adult__Patient2_Female_97.30.1.1	Somatic.Tissue__Skeletal.Muscle__Female_Adult__Patient2_97.30.1.1	Somatic.Tissue	#N/A	#N/A	Skeletal.muscle	Adult	#N/A	Patient2	Female	#N/A	#N/A	#N/A	#N/A	#N/A	#N/A	#N/A	#N/A	#N/A	#N/A	#N/A	NO	CB	Chris Barry	University of California, San Diego	Muscle	CLUSTER 5	#N/A	#N/A	#N/A	#N/A	#N/A	#N/A
Somatic.Tissue	mRNA expression and methylation	Somatic.Tissue___Skeletal.muscle_Adult__Patient1_Male_97.29.1.1	Somatic.Tissue___Skeletal.muscle_Adult__Patient1_Male_97.29.1.7	Somatic.Tissue__Skeletal.Muscle__Male_Adult__Patient1_97.29.1.7	Somatic.Tissue	#N/A	#N/A	Skeletal.muscle	Adult	#N/A	Patient1	Male	#N/A	#N/A	#N/A	#N/A	#N/A	#N/A	#N/A	#N/A	#N/A	#N/A	#N/A	NO	CB	Chris Barry	University of California, San Diego	Muscle	CLUSTER 1	#N/A	#N/A	#N/A	#N/A	#N/A	#N/A
Somatic.Tissue	mRNA expression and methylation	Somatic.Tissue___Stomach_Fetal_14wk_Patient26_Female_101.407.1.1	Somatic.Tissue___Stomach_Fetal_14wk_Patient26_Female_101.407.1.2	Somatic.Tissue__Stomach__Female_Fetal_14wk_Patient26_101.407.1.2	Somatic.Tissue	#N/A	#N/A	Stomach	Fetal	14wk	Patient26	Female	#N/A	#N/A	#N/A	#N/A	#N/A	#N/A	#N/A	#N/A	#N/A	#N/A	#N/A	NO	PP	Planned parenthood	Planned Parenthood	Stomach	CLUSTER 5	#N/A	#N/A	#N/A	#N/A	#N/A	#N/A
Somatic.Tissue	mRNA expression and methylation	Somatic.Tissue___Stomach_Fetal_14wk_Patient32_Female_101.414.1.2	Somatic.Tissue___Stomach_Fetal_14wk_Patient32_Female_101.414.1.1	Somatic.Tissue__Stomach__Female_Fetal_14wk_Patient32_101.414.1.1	Somatic.Tissue	#N/A	#N/A	Stomach	Fetal	14wk	Patient32	Female	#N/A	#N/A	#N/A	#N/A	#N/A	#N/A	#N/A	#N/A	#N/A	#N/A	#N/A	NO	PP	Planned parenthood	Planned Parenthood	Stomach	CLUSTER 5	#N/A	#N/A	#N/A	#N/A	#N/A	#N/A
Somatic.Tissue	mRNA expression and methylation	Somatic.Tissue___Stomach_Adult__Patient1_Male_101.29.1.1	Somatic.Tissue___Stomach_Adult__Patient1_Male_101.29.1.5	Somatic.Tissue__Stomach__Male_Adult__Patient1_101.29.1.5	Somatic.Tissue	#N/A	#N/A	Stomach	Adult	#N/A	Patient1	Male	#N/A	#N/A	#N/A	#N/A	#N/A	#N/A	#N/A	#N/A	#N/A	#N/A	#N/A	NO	CB	Chris Barry	University of California, San Diego	Stomach	CLUSTER 1	#N/A	#N/A	#N/A	#N/A	#N/A	#N/A
Somatic.Tissue	mRNA expression and methylation	Somatic.Tissue___Stomach_Fetal_15wk_Patient30_Male_101.412.1.2	Somatic.Tissue___Stomach_Fetal_15wk_Patient30_Male_101.412.1.1	Somatic.Tissue__Stomach__Male_Fetal_15wk_Patient30_101.412.1.1	Somatic.Tissue	#N/A	#N/A	Stomach	Fetal	15wk	Patient30	Male	#N/A	#N/A	#N/A	#N/A	#N/A	#N/A	#N/A	#N/A	#N/A	#N/A	#N/A	NO	PP	Planned parenthood	Planned Parenthood	Stomach	CLUSTER 1	#N/A	#N/A	#N/A	#N/A	#N/A	#N/A
Somatic.Tissue	mRNA expression and methylation	Somatic.Tissue___Tongue_Fetal_14wk_Patient26_Female_139.407.1.1	Somatic.Tissue___Tongue_Fetal_14wk_Patient26_Female_139.407.1.2	Somatic.Tissue__Tongue__Female_Fetal_14wk_Patient26_139.407.1.2	Somatic.Tissue	#N/A	#N/A	Tongue	Fetal	14wk	Patient26	Female	#N/A	#N/A	#N/A	#N/A	#N/A	#N/A	#N/A	#N/A	#N/A	#N/A	#N/A	NO	PP	Planned parenthood	Planned Parenthood	Tongue	CLUSTER 5	#N/A	#N/A	#N/A	#N/A	#N/A	#N/A
Somatic.Tissue	mRNA expression and methylation	Somatic.Tissue___Ureter_Adult__Patient2_Female_92.30.1.2	Somatic.Tissue___Ureter_Adult__Patient2_Female_92.30.1.1	Somatic.Tissue__Ureter__Female_Adult__Patient2_92.30.1.1	Somatic.Tissue	#N/A	#N/A	Ureter	Adult	#N/A	Patient2	Female	#N/A	#N/A	#N/A	#N/A	#N/A	#N/A	#N/A	#N/A	#N/A	#N/A	#N/A	NO	CB	Chris Barry	University of California, San Diego	Ureter	CLUSTER 5	#N/A	#N/A	#N/A	#N/A	#N/A	#N/A
Somatic.Tissue	mRNA expression and methylation	Somatic.Tissue___Ureter_Adult__Patient1_Male_92.29.1.1	Somatic.Tissue___Ureter_Adult__Patient1_Male_92.29.1.2	Somatic.Tissue__Ureter__Male_Adult__Patient1_92.29.1.2	Somatic.Tissue	#N/A	#N/A	Ureter	Adult	#N/A	Patient1	Male	#N/A	#N/A	#N/A	#N/A	#N/A	#N/A	#N/A	#N/A	#N/A	#N/A	#N/A	NO	CB	Chris Barry	University of California, San Diego	Ureter	CLUSTER 1	#N/A	#N/A	#N/A	#N/A	#N/A	#N/A
